%runfile C:/Users/Lenovo/.spyder-py3/temp.py --wdir
Enter capacity of Jug 1: 55
Enter capacity of Jug 2: 4
Enter target amount of water: 54
Solution Path:
(0, 0)
(55, 0)
(55, 4)
(0, 4)
(4, 0)
(4, 4)
(8, 0)
(8, 4)
(12, 0)
(12, 4)
(16, 0)
(16, 4)
(20, 0)
(20, 4)
(24, 0)
(24, 4)
(28, 0)
(28, 4)
(32, 0)
(32, 4)
(36, 0)
(36, 4)
(40, 0)
(40, 4)
(44, 0)
(44, 4)
(48, 0)
(48, 4)
(52, 0)
(52, 4)
(55, 1)
(0, 1)
(1, 0)
(1, 4)
(5, 0)
(5, 4)
(9, 0)
(9, 4)
(13, 0)
(13, 4)
(17, 0)
(17, 4)
(21, 0)
(21, 4)
(25, 0)
(25, 4)
(29, 0)
(29, 4)
(33, 0)
(33, 4)
(37, 0)
(37, 4)
(41, 0)
(41, 4)
(45, 0)
(45, 4)
(49, 0)
(49, 4)
(53, 0)
(53, 4)
(55, 2)
(0, 2)
(2, 0)
(2, 4)
(6, 0)
(6, 4)
(10, 0)
(10, 4)
(14, 0)
(14, 4)
(18, 0)
(18, 4)
(22, 0)
(22, 4)
(26, 0)
(26, 4)
(30, 0)
(30, 4)
(34, 0)
(34, 4)
(38, 0)
(38, 4)
(42, 0)
(42, 4)
(46, 0)
(46, 4)
(50, 0)
(50, 4)
(54, 0)
